11000
11110
11140
11170
11200
11215
11230
11260
11290
11305
11320
11350
11380
11410
11440
11470
11500
11530
11545
11560
11590
11620
11650
11680
11710
11740
28000
28110
28140
28177
28185
28200
28237
28245
28260
28710
28720
30000
30110
30140
30170
30200
30230
36110
41000
41110
41111
41113
41115
41117
41130
41131
41133
41135
41150
41170
41171
41173
41190
41210
41220
41250
41270
41271
41273
41280
41281
41285
41287
41290
41310
41360
41370
41390
41410
41430
41450
41460
41461
41463
41465
41480
41500
41550
41570
41590
41610
41630
41650
41670
41800
41820
41820
41830
43110
43111
43112
43113
43114
44050
44130
44131
44133
44200
44840
44860